E31_41 31 41 2.758
E8_34 8 34 1.388
E6_16 6 16 4.827
E19_44 19 44 2.246
E5_49 5 49 1.457
E36_40 36 40 2.908
E4_7 4 7 3.613
E3_4 3 4 1.353
E24_28 24 28 3.751
E25_30 25 30 1.490
E23_33 23 33 3.651
E22_33 22 33 2.589
E9_41 9 41 4.015
E30_50 30 50 2.098
E20_45 20 45 2.749
E8_27 8 27 1.477
E44_45 44 45 3.467
E11_29 11 29 3.518
E10_37 10 37 4.909
E5_29 5 29 4.304
E1_15 1 15 2.699
E2_13 2 13 2.147
E40_47 40 47 4.006
E46_48 46 48 4.339
E18_22 18 22 4.630
E21_28 21 28 1.547
E23_48 23 48 4.061
E29_33 29 33 2.919
E8_47 8 47 4.755
E2_15 2 15 2.646
E9_12 9 12 4.575
E12_49 12 49 2.514
E20_27 20 27 3.034
E17_18 17 18 4.401
E11_34 11 34 3.760
E24_42 24 42 3.491
E13_35 13 35 2.309
E31_35 31 35 2.373
E32_43 32 43 3.844
E30_38 30 38 1.060
E7_43 7 43 2.862
E10_28 10 28 2.495
E25_40 25 40 2.649
E38_43 38 43 1.877
E14_32 14 32 3.593
E6_44 6 44 4.398
E21_50 21 50 2.354
E37_39 37 39 2.060
E7_26 7 26 2.916
E9_31 9 31 2.263
E3_7 3 7 1.364
E36_47 36 47 4.615
E27_34 27 34 3.410
E23_29 23 29 4.370
E34_47 34 47 3.954
E19_45 19 45 3.040
E25_50 25 50 4.917
E22_23 22 23 3.015
E29_49 29 49 4.960
E5_11 5 11 4.672
E21_24 21 24 4.661
E11_48 11 48 4.535
E1_2 1 2 2.186
E19_46 19 46 2.695
E18_33 18 33 3.936
E5_12 5 12 4.945
E29_48 29 48 1.187
E20_44 20 44 1.245
E35_41 35 41 2.318
E27_45 27 45 4.031
E27_47 27 47 1.305
E4_43 4 43 4.180
E11_27 11 27 1.526
E38_50 38 50 2.954
E10_24 10 24 1.057
E12_41 12 41 4.119
E34_40 34 40 2.352
E2_35 2 35 2.411
E5_34 5 34 1.179
E9_25 9 25 4.268
E25_36 25 36 3.674
E12_34 12 34 1.543
E1_13 1 13 3.882
E12_40 12 40 2.084
E1_17 1 17 4.913
E33_49 33 49 2.836
E11_46 11 46 4.125
E3_43 3 43 4.830
E32_36 32 36 4.851
E23_46 23 46 4.085
E25_31 25 31 4.502
E45_46 45 46 4.512
E13_17 13 17 3.619
E13_41 13 41 1.688
E18_49 18 49 2.207
E25_38 25 38 2.555
E3_14 3 14 1.633
E16_44 16 44 2.394
E16_19 16 19 2.801
E32_47 32 47 2.951
