E35_115 35 115 2.006
E20_179 20 179 4.350
E19_107 19 107 4.609
E86_171 86 171 2.066
E24_55 24 55 1.827
E7_102 7 102 3.572
E43_175 43 175 2.808
E66_157 66 157 3.518
E83_152 83 152 1.468
E54_137 54 137 2.233
E125_158 125 158 2.691
E69_150 69 150 4.704
E69_89 69 89 4.687
E85_125 85 125 1.802
E47_169 47 169 2.096
E92_132 92 132 1.229
E104_187 104 187 1.016
E18_124 18 124 3.772
E72_119 72 119 2.662
E60_144 60 144 3.170
E31_41 31 41 4.801
E1_81 1 81 1.253
E26_173 26 173 4.355
E45_112 45 112 1.647
E21_185 21 185 2.591
E130_158 130 158 4.739
E63_143 63 143 1.667
E53_87 53 87 4.231
E105_137 105 137 4.875
E89_109 89 109 2.467
E41_68 41 68 4.710
E75_159 75 159 1.881
E51_58 51 58 1.817
E90_167 90 167 4.319
E84_178 84 178 2.947
E37_142 37 142 2.644
E83_176 83 176 2.891
E29_67 29 67 4.755
E50_56 50 56 1.162
E27_85 27 85 3.360
E55_91 55 91 1.988
E94_181 94 181 2.853
E82_170 82 170 3.064
E106_114 106 114 1.674
E172_181 172 181 3.655
E8_34 8 34 4.160
E114_197 114 197 1.903
E22_123 22 123 3.671
E83_172 83 172 2.931
E6_167 6 167 3.565
E99_114 99 114 1.841
E6_16 6 16 2.733
E15_60 15 60 3.818
E141_170 141 170 1.196
E1_96 1 96 3.380
E43_89 43 89 1.409
E126_141 126 141 4.934
E100_189 100 189 4.046
E21_132 21 132 4.640
E38_159 38 159 4.809
E147_194 147 194 1.514
E19_44 19 44 4.350
E156_159 156 159 1.691
E134_169 134 169 2.331
E57_92 57 92 3.669
E12_146 12 146 3.638
E165_198 165 198 3.975
E5_49 5 49 1.560
E90_171 90 171 3.392
E28_188 28 188 4.137
E14_53 14 53 3.920
E26_111 26 111 4.380
E82_98 82 98 1.990
E36_40 36 40 1.984
E138_180 138 180 1.054
E32_170 32 170 4.645
E106_110 106 110 1.144
E101_153 101 153 1.958
E108_161 108 161 3.316
E9_68 9 68 3.075
E156_195 156 195 4.523
E4_7 4 7 4.157
E91_97 91 97 4.808
E164_182 164 182 3.341
E139_155 139 155 4.353
E39_184 39 184 3.187
E115_191 115 191 3.750
E2_190 2 190 4.287
E114_140 114 140 2.234
E117_200 117 200 3.389
E64_127 64 127 4.097
E64_78 64 78 2.747
E61_147 61 147 2.739
E149_197 149 197 4.787
E12_163 12 163 4.078
E93_129 93 129 1.408
E98_150 98 150 3.425
E84_165 84 165 3.053
E9_59 9 59 1.968
E10_162 10 162 1.817
E10_183 10 183 2.190
E42_105 42 105 4.888
E3_197 3 197 1.197
E185_188 185 188 3.180
E79_93 79 93 1.872
E3_4 3 4 1.252
E87_101 87 101 2.825
E107_133 107 133 2.016
E111_198 111 198 2.210
E10_142 10 142 1.141
E73_77 73 77 4.092
E41_174 41 174 1.733
E56_136 56 136 4.298
E65_129 65 129 3.899
E94_116 94 116 4.074
E24_28 24 28 3.650
E42_160 42 160 2.087
E25_30 25 30 2.823
E88_90 88 90 2.938
E54_55 54 55 3.320
E13_190 13 190 1.213
E122_189 122 189 2.034
E71_194 71 194 1.067
E154_200 154 200 2.952
E5_67 5 67 1.821
E87_113 87 113 4.145
E18_123 18 123 3.360
E49_77 49 77 4.246
E17_181 17 181 2.198
E23_33 23 33 4.328
E59_146 59 146 1.063
E58_168 58 168 3.388
E97_161 97 161 4.216
E182_186 182 186 1.261
E46_128 46 128 1.568
E22_33 22 33 1.088
E75_147 75 147 1.513
E175_194 175 194 3.393
E121_179 121 179 2.105
E36_100 36 100 2.722
E112_193 112 193 3.534
E15_81 15 81 1.196
E65_66 65 66 3.455
E103_104 103 104 2.831
E60_95 60 95 4.096
E117_173 117 173 2.529
E14_166 14 166 1.482
E30_50 30 50 1.182
E118_200 118 200 4.352
E86_193 86 193 3.419
E70_162 70 162 3.503
E20_45 20 45 4.565
E44_112 44 112 4.453
E145_195 145 195 3.570
E74_102 74 102 2.517
E145_196 145 196 1.275
E76_135 76 135 2.716
E73_182 73 182 4.876
E128_133 128 133 4.521
E32_122 32 122 3.914
E8_27 8 27 4.204
E99_166 99 166 4.584
E25_177 25 177 2.302
E11_29 11 29 3.420
E119_168 119 168 4.845
E63_184 63 184 2.869
E61_72 61 72 3.508
E98_149 98 149 1.358
E51_199 51 199 1.262
E2_95 2 95 4.613
E34_134 34 134 3.080
E17_62 17 62 3.795
E53_139 53 139 4.809
E117_131 117 131 1.535
E62_182 62 182 1.627
E155_187 155 187 3.905
E27_121 27 121 3.064
E40_47 40 47 2.108
E15_80 15 80 4.087
E46_48 46 48 2.416
E92_196 92 196 4.528
E120_160 120 160 2.590
E70_105 70 105 1.981
E57_192 57 192 3.981
E136_192 136 192 1.160
E76_167 76 167 3.497
E151_199 151 199 4.256
E96_116 96 116 2.876
E180_192 180 192 3.373
E23_48 23 48 3.777
E29_33 29 33 1.789
E52_66 52 66 2.577
E31_191 31 191 3.361
E157_180 157 180 3.091
E127_192 127 192 4.997
E35_148 35 148 3.206
E7_154 7 154 4.960
E164_174 164 174 3.505
E142_143 142 143 3.564
E85_158 85 158 1.222
E24_91 24 91 3.118
E89_150 89 150 1.644
E54_105 54 105 4.017
E31_68 31 68 2.928
E176_181 176 181 2.179
E43_109 43 109 4.644
E99_106 99 106 1.832
E85_130 85 130 4.243
E44_107 44 107 1.752
E6_90 6 90 4.920
E152_176 152 176 1.659
E47_134 47 134 1.280
E152_172 152 172 2.509
E57_132 57 132 2.639
E16_167 16 167 4.261
E94_176 94 176 2.670
E172_176 172 176 1.136
E89_175 89 175 3.517
E27_125 27 125 4.545
E86_90 86 90 3.509
E14_87 14 87 2.294
E32_82 32 82 1.335
E81_96 81 96 1.087
E35_191 35 191 4.655
E132_185 132 185 3.426
E21_92 21 92 1.084
E109_175 109 175 2.861
E4_102 4 102 3.386
E109_150 109 150 3.589
E15_144 15 144 1.425
E126_170 126 170 3.608
E99_110 99 110 1.708
E69_175 69 175 2.069
E140_149 140 149 2.625
E162_183 162 183 3.635
E106_197 106 197 3.248
E99_140 99 140 2.269
E140_197 140 197 4.468
E75_156 75 156 2.491
E19_133 19 133 3.021
E38_75 38 75 4.387
E54_91 54 91 3.150
E53_101 53 101 3.302
E55_137 55 137 1.897
E27_130 27 130 4.789
E98_109 98 109 2.563
E6_88 6 88 3.566
E82_141 82 141 4.925
E38_156 38 156 1.080
E54_160 54 160 3.112
E167_171 167 171 3.434
E3_106 3 106 2.374
E28_55 28 55 3.446
E111_173 111 173 3.521
E9_41 9 41 2.029
E123_124 123 124 1.872
E105_160 105 160 3.604
E17_172 17 172 3.890
E86_167 86 167 4.258
E20_121 20 121 2.194
E24_97 24 97 4.315
E147_175 147 175 2.866
E31_174 31 174 2.901
E71_75 71 75 1.384
E71_147 71 147 4.491
E32_126 32 126 1.536
E61_75 61 75 3.632
E14_113 14 113 1.760
E65_93 65 93 1.004
E45_179 45 179 1.123
E79_129 79 129 3.781
E165_178 165 178 4.391
E38_71 38 71 3.273
E95_144 95 144 2.083
E86_88 86 88 1.288
E17_94 17 94 3.062
E44_45 44 45 3.646
E9_146 9 146 3.854
E51_168 51 168 2.987
E97_108 97 108 3.726
E10_37 10 37 1.966
E65_157 65 157 1.421
E145_156 145 156 1.100
E73_186 73 186 4.412
E49_186 49 186 3.942
E28_185 28 185 2.129
E20_112 20 112 1.284
E50_136 50 136 2.546
E77_186 77 186 1.019
E44_133 44 133 4.542
E109_194 109 194 3.740
E5_77 5 77 4.334
E118_154 118 154 2.407
E117_118 117 118 1.641
E97_185 97 185 4.718
E32_98 32 98 1.898
E46_133 46 133 2.177
E33_123 33 123 3.350
E132_188 132 188 2.657
E103_187 103 187 2.181
E173_200 173 200 3.473
E61_175 61 175 1.438
E5_29 5 29 1.572
E164_186 164 186 1.746
E59_68 59 68 2.521
E113_126 113 126 1.860
E36_189 36 189 3.808
E146_163 146 163 1.166
E2_13 2 13 4.714
E84_198 84 198 1.794
E142_183 142 183 3.892
E74_175 74 175 1.679
E18_22 18 22 2.215
E98_141 98 141 3.992
E8_134 8 134 1.091
E21_97 21 97 1.157
E28_97 28 97 1.122
E15_95 15 95 1.375
E44_193 44 193 2.703
E38_145 38 145 1.141
E69_74 69 74 4.917
E78_127 78 127 1.443
E62_164 62 164 4.475
E116_176 116 176 2.324
E8_169 8 169 2.084
E101_139 101 139 4.193
E16_88 16 88 3.222
E53_166 53 166 3.262
E3_149 3 149 2.543
E140_166 140 166 4.880
E70_137 70 137 4.443
E9_174 9 174 1.016
E141_149 141 149 1.318
E149_150 149 150 1.015
E30_56 30 56 1.762
E40_134 40 134 2.839
E87_153 87 153 1.875
E8_125 8 125 4.570
E21_196 21 196 3.005
E80_81 80 81 1.588
E113_141 113 141 1.364
E3_7 3 7 1.898
E84_131 84 131 2.268
E143_184 143 184 2.579
E75_195 75 195 4.890
E3_110 3 110 2.359
E91_160 91 160 2.736
E53_155 53 155 1.012
E42_120 42 120 2.734
E72_168 72 168 4.440
E121_130 121 130 1.152
E61_119 61 119 2.651
E74_150 74 150 4.883
E57_180 57 180 4.628
E110_166 110 166 3.975
E155_166 155 166 1.968
E3_102 3 102 3.821
E96_190 96 190 2.198
E40_177 40 177 4.229
E57_138 57 138 1.364
E36_47 36 47 2.077
E104_155 104 155 3.672
E15_96 15 96 1.380
E40_100 40 100 2.395
E140_141 140 141 3.687
E17_152 17 152 2.143
E61_74 61 74 4.234
E91_108 91 108 4.562
E173_198 173 198 1.713
E131_178 131 178 2.240
E57_188 57 188 1.150
E1_116 1 116 2.077
E16_76 16 76 3.137
E18_152 18 152 2.418
E130_179 130 179 3.657
E108_160 108 160 3.027
E73_124 73 124 3.777
E80_144 80 144 1.393
E14_140 14 140 3.039
E21_161 21 161 1.511
E161_195 161 195 4.833
E23_29 23 29 3.191
E1_80 1 80 3.162
E74_119 74 119 4.716
E17_116 17 116 2.819
E52_157 52 157 2.137
E67_77 67 77 1.684
E174_191 174 191 1.639
E45_130 45 130 3.335
E30_177 30 177 4.913
E2_15 2 15 2.003
E109_122 109 122 4.412
E100_177 100 177 3.586
E92_192 92 192 2.384
E108_195 108 195 1.808
E25_50 25 50 2.272
E32_109 32 109 3.526
E145_161 145 161 1.042
E136_196 136 196 1.834
E161_196 161 196 4.239
